<?xml version="1.0" standalone="no"?>
<!DOCTYPE svg PUBLIC "-//W3C//DTD SVG 20010904//EN"
 "http://www.w3.org/TR/2001/REC-SVG-20010904/DTD/svg10.dtd">
<svg version="1.0" xmlns="http://www.w3.org/2000/svg"
 width="50.000000pt" height="50.000000pt" viewBox="0 0 50.000000 50.000000"
 preserveAspectRatio="xMidYMid meet">

<g transform="translate(0.000000,50.000000) scale(0.100000,-0.100000)"
fill="#e52a3c" stroke="none">
<path d="M74 416 c-3 -8 -4 -23 -2 -33 3 -17 17 -18 178 -18 l175 0 0 30 0 30
-173 3 c-144 2 -173 0 -178 -12z m56 -15 c0 -11 -5 -23 -11 -27 -15 -9 -33 12
-26 30 9 23 37 20 37 -3z"/>
<path d="M83 323 c-20 -7 -15 -51 6 -63 26 -13 296 -13 322 0 23 13 25 55 3
64 -19 7 -313 7 -331 -1z m45 -31 c3 -17 -2 -22 -17 -22 -14 0 -21 6 -21 18 0
38 33 41 38 4z"/>
<path d="M86 217 c-11 -8 -17 -23 -14 -38 3 -23 7 -24 81 -27 74 -3 77 -4 77
-27 0 -24 -2 -25 -80 -25 -64 0 -80 -3 -80 -15 0 -13 27 -15 180 -15 153 0
180 2 180 15 0 12 -16 15 -85 15 -84 0 -85 0 -85 25 0 24 2 24 83 27 78 3 82
4 85 27 7 44 -18 51 -178 51 -105 0 -151 -4 -164 -13z m42 -29 c-2 -13 -10
-23 -18 -23 -8 0 -16 10 -18 23 -3 17 2 22 18 22 16 0 21 -5 18 -22z"/>
</g>
</svg>
